0.300472        0.535280        4
0.010000        0.552920        4
0.028740        0.523320        4
0.038110        0.548500        4
0.253622        0.529000        4
0.178661        0.538360        4
0.075591        0.558260        4
0.066220        0.550180        4
0.113071        0.534780        4
0.216142        0.536860        4
0.141181        0.536060        4
0.150551        0.529220        4
0.103701        0.538680        4
0.291102        0.529120        4
0.225512        0.532740        4
0.188032        0.528620        4
0.262992        0.529900        4
0.019370        0.537060        4
0.047480        0.552360        4
0.169291        0.531980        4
0.244252        0.536600        4
0.234882        0.524240        4
0.159921        0.544180        4
0.122441        0.552540        4
0.056850        0.540800        4
0.084961        0.542100        4
0.197402        0.539100        4
0.131811        0.530100        4
0.272362        0.533740        4
0.206772        0.537040        4
0.094331        0.533400        4
0.281732        0.530220        4
0.375433        0.527780        4
0.600315        0.530600        4
0.403543        0.535720        4
0.309843        0.528980        4
0.478504        0.525380        4
0.328583        0.529120        4
0.366063        0.529780        4
0.487874        0.535560        4
0.412913        0.535000        4
0.337953        0.531140        4
0.441024        0.528420        4
0.450394        0.528540        4
0.525354        0.532980        4
0.384803        0.532840        4
0.515984        0.526520        4
0.553465        0.521040        4
0.562835        0.517640        4
0.590945        0.522360        4
0.347323        0.530380        4
0.394173        0.530660        4
0.319213        0.534540        4
0.422283        0.542100        4
0.356693        0.521980        4
0.469134        0.534340        4
0.431654        0.515300        4
0.497244        0.535980        4
0.459764        0.522520        4
0.534724        0.527460        4
0.572205        0.529220        4
0.506614        0.527440        4
0.581575        0.525920        4
0.544095        0.530080        4
0.900158        0.505500        4
0.675276        0.520240        4
0.712756        0.528500        4
0.609685        0.525860        4
0.740866        0.508840        4
0.787717        0.516340        4
0.853307        0.494840        4
0.665906        0.516040        4
0.750236        0.503120        4
0.637795        0.525320        4
0.628425        0.526520        4
0.703386        0.517600        4
0.825197        0.512920        4
0.862677        0.509300        4
0.778346        0.514880        4
0.684646        0.513560        4
0.815827        0.510500        4
0.890787        0.522080        4
0.722126        0.524060        4
0.759606        0.527860        4
0.797087        0.517660        4
0.619055        0.512940        4
0.647165        0.525240        4
0.834567        0.526980        4
0.843937        0.504740        4
0.731496        0.515020        4
0.768976        0.517760        4
0.694016        0.512420        4
0.872047        0.498580        4
0.656535        0.516260        4
0.806457        0.520500        4
0.881417        0.512080        4
1.200000        0.000000        4
1.190630        0.001600        4
1.181260        0.000360        4
1.162520        0.000480        4
1.171890        0.000000        4
1.153150        0.002420        4
1.143780        0.000720        4
1.134410        0.000180        4
1.125039        0.000980        4
1.115669        0.002760        4
1.106299        0.002880        4
1.096929        0.000920        4
1.087559        0.006960        4
1.078189        0.047040        4
1.068819        0.219560        4
1.050079        0.473540        4
1.059449        0.396000        4
1.040709        0.513180        4
1.012599        0.509940        4
0.975118        0.513400        4
0.937638        0.498400        4
0.909528        0.515040        4
1.003228        0.493300        4
0.965748        0.507180        4
0.928268        0.520460        4
1.021969        0.487960        4
1.031339        0.505560        4
0.984488        0.482160        4
0.947008        0.505780        4
0.993858        0.506120        4
0.956378        0.514680        4
0.918898        0.518260        4