0.010000        0.002376        -0.000639       0.000007        0.000693        0.000697        -0.000235       -0.000574       0.000443        -0.000173       -0.000102       -0.000516       -0.000597       0.000545        -0.000002       -0.000212       -0.000163       0.000089        -0.000489       -0.000212       0.000457        -0.000386       0.000006        0.000660        -0.000553       0.000685        -0.000080       -0.000649       0.000051        0.000530  -0.000221  0.000196        0.000221        0.000828
0.025669        0.005515        0.000051        0.000371        -0.000546       -0.000362       -0.000064       -0.000215       0.000010        0.000238        -0.000473       0.000331        -0.000799       0.000562        -0.000198       0.000683        -0.000076       -0.000196       -0.000379       -0.000594       -0.000104       -0.000190       0.000170        -0.000230       0.000060        -0.000117       0.000259        0.000437        0.000026        0.000054  -0.000161  0.000498        0.000113        0.000029
0.041339        0.008961        0.000538        0.000601        -0.000173       0.000188        0.000263        0.000245        -0.000526       0.000436        0.000163        0.001134        -0.000082       -0.000433       -0.000397       -0.000754       0.000804        -0.000293       -0.000368       -0.000211       -0.000187       0.000162        0.000402        -0.000592       -0.000334       0.000170        0.000265        -0.000345       0.000065        -0.000211 0.000074   0.000440        0.000568        0.000111
0.057008        0.012885        0.000392        0.000326        0.000222        -0.000265       -0.000532       -0.000310       0.000420        -0.000564       0.000289        -0.000141       0.000323        -0.000073       0.000550        -0.000294       -0.000781       -0.000304       0.000104        -0.000064       0.000347        0.000401        -0.000038       -0.000019       -0.000243       0.000180        -0.000847       0.000244        -0.000299       -0.000031 -0.000350  0.000413        -0.000028       -0.000539
0.072677        0.016126        0.000577        -0.000612       0.000193        0.000591        0.000427        0.000843        0.000030        0.000413        -0.000441       -0.000292       -0.000302       0.000353        0.000245        0.000362        -0.000149       0.000070        -0.000456       0.000136        -0.000202       0.000043        0.000409        -0.000270       0.000213        0.000049        0.000020        -0.000256       -0.000282       0.000038  0.000349   -0.000478       -0.000236       0.000592
0.088346        0.018954        0.000840        -0.000600       -0.000388       -0.001475       -0.000218       -0.000351       -0.000066       -0.000355       0.000066        -0.000021       0.000479        -0.000081       -0.000504       0.000551        0.000110        -0.000487       0.000338        -0.000139       -0.000100       -0.000366       0.000574        0.000197        0.000024        -0.000194       -0.000105       0.000357        -0.000361       0.000315  -0.000101  -0.000498       0.000240        -0.000618
0.104016        0.023079        0.001143        0.000023        -0.000390       -0.000138       -0.000241       0.000303        0.000613        0.000354        -0.000421       -0.000009       -0.000255       -0.000070       0.000543        -0.000238       -0.000041       -0.000272       -0.000228       -0.000309       -0.000083       0.000462        -0.000166       0.000223        0.000446        0.000021        -0.000232       -0.000065       -0.000341       -0.000162 0.000175   0.000260        -0.000013       -0.000116
0.119685        0.026333        0.001732        0.000017        -0.000030       0.000505        -0.000181       0.000394        0.000253        -0.000380       0.000277        0.000129        0.000326        -0.000479       -0.000319       -0.000666       0.000101        0.000473        -0.000139       -0.000104       0.000042        0.000256        0.000309        0.000208        -0.000065       -0.000284       0.000473        0.000216        -0.000272       0.000257  -0.000094  -0.000602       0.000001        -0.000474
0.135354        0.029899        0.001655        -0.000408       0.001054        -0.000286       -0.000325       0.000295        0.000321        -0.000969       -0.000594       -0.000454       -0.000166       0.000013        -0.000039       -0.000159       0.000368        -0.000772       0.000472        0.000108        -0.000017       0.000209        0.000034        -0.000294       -0.000535       0.000233        -0.000097       -0.000001       -0.000262       -0.000850 -0.000472  -0.000314       -0.000091       0.000160
0.151024        0.033414        0.002195        -0.000363       0.000753        -0.000257       -0.000094       -0.000439       -0.000116       0.000112        0.000489        -0.000342       0.000674        -0.000006       -0.000056       0.000229        -0.000281       0.000141        -0.000348       0.000469        -0.001001       0.000339        0.000201        -0.000098       0.000562        -0.000521       0.000002        0.000274        0.000277        -0.000030 0.000305   0.000383        -0.000281       0.000185
0.166693        0.036798        0.002792        -0.000919       0.000150        -0.000760       0.000053        -0.000499       0.000288        0.000277        0.000005        0.000037        -0.000545       -0.000166       0.000288        -0.000255       -0.000432       0.000273        0.000039        -0.000326       -0.000189       0.000069        0.000240        -0.000268       0.000070        -0.000097       0.000114        -0.000150       -0.000123       0.000074  -0.000421  -0.000923       0.000142        -0.000365
0.182362        0.040103        0.002645        -0.000649       -0.000127       -0.000510       -0.000000       -0.000239       0.000407        -0.000147       0.000151        0.000560        -0.000794       -0.000163       -0.000102       -0.000761       0.000562        -0.000015       0.000383        -0.000352       0.000023        0.000400        -0.000405       0.000171        -0.000834       -0.000380       0.000035        0.000428        0.000578        -0.000227 -0.000404  -0.000218       -0.000016       0.000344
0.198031        0.044163        0.003008        -0.001233       0.000805        -0.000868       0.000643        -0.000298       -0.000052       -0.000052       0.000276        -0.000147       -0.000220       -0.000360       0.000203        -0.000838       -0.000415       -0.000321       0.000690        -0.000161       -0.000206       -0.000256       0.000045        0.000090        0.000149        0.000210        -0.000080       -0.000003       0.000298        -0.000495 0.000111   0.000132        -0.000987       -0.000289
0.213701        0.047840        0.003784        -0.001529       0.000820        -0.000769       0.000163        -0.000261       0.000595        0.000559        -0.000066       0.000404        0.000401        0.000127        -0.000417       0.000536        0.000156        0.000436        0.000134        0.000449        0.000310        0.000251        0.000224        -0.000080       0.000274        -0.000073       -0.000237       -0.000277       -0.000235       0.000311  0.000506   -0.000628       0.000576        0.000720
0.229370        0.051026        0.004764        -0.000779       0.001570        -0.000304       -0.000789       -0.000495       0.000420        0.000282        0.000438        0.000250        -0.000144       -0.000146       -0.000376       -0.000073       -0.000422       -0.000242       0.000026        -0.000294       -0.000375       -0.000197       -0.000006       -0.000769       -0.000075       -0.000051       0.000389        -0.000138       0.000445        0.000274  0.000519   -0.000764       -0.000613       0.000462
0.245039        0.054629        0.004950        -0.001329       0.001376        -0.000254       0.000396        0.000032        0.000028        0.000139        0.000883        0.000133        -0.000065       0.000696        -0.000157       -0.000101       0.000240        0.000583        -0.000070       -0.000254       -0.000074       0.000090        0.000408        0.000055        0.000168        0.000125        -0.000380       -0.000067       -0.000229       0.000625  0.000036   -0.000504       0.000260        -0.000509
0.260709        0.058325        0.004998        -0.001422       0.001356        -0.000761       0.000631        -0.000629       0.000873        0.000148        -0.000257       0.000335        -0.000030       0.000518        -0.000073       -0.000162       -0.000144       -0.000345       0.000228        -0.000037       -0.000020       0.000423        0.000078        -0.000321       0.000190        -0.000063       -0.000574       0.000010        0.000703        -0.000352 -0.000070  -0.000269       -0.000385       0.000232
0.276378        0.062268        0.007391        -0.002174       0.001463        -0.001015       -0.000228       -0.000075       0.000253        -0.000395       0.000187        0.000560        0.000201        0.000414        0.000499        0.000156        0.000095        -0.000332       -0.000404       0.000209        -0.000953       -0.000062       -0.000462       0.000098        0.000036        0.000009        -0.000164       0.000155        -0.000066       0.000380  -0.000575  0.000293        -0.000419       -0.000071
0.292047        0.066330        0.007481        -0.002261       0.001654        -0.001184       0.000234        -0.000549       0.000741        0.000101        0.000072        -0.000157       0.000064        0.000294        -0.000687       -0.000087       0.000006        -0.000056       0.000282        -0.000122       -0.000523       -0.000377       0.000040        0.000720        -0.000416       -0.000428       -0.000103       0.000446        -0.000010       -0.000046 0.000092   0.000158        0.000483        0.000762
0.307717        0.069127        0.007115        -0.002379       0.002277        -0.000869       0.000278        -0.000564       -0.000500       0.000164        -0.000160       -0.000544       0.000247        0.000580        0.000260        -0.000040       -0.000302       0.000201        -0.000156       0.000382        -0.000081       0.000506        0.000412        0.000395        0.000215        -0.000317       0.000586        -0.000389       -0.000029       -0.000154 -0.000823  -0.000282       0.000170        0.000364
0.323386        0.073575        0.008423        -0.002295       0.002171        0.000064        0.000365        -0.000248       0.000031        -0.000481       0.000410        -0.000056       0.000771        0.000438        0.000386        0.000251        0.000694        0.000297        0.000828        0.000892        0.000358        0.000150        -0.000243       -0.000042       -0.000777       -0.000329       0.000353        0.000058        0.000342        -0.000244 -0.000077  0.000101        -0.000418       0.000313
0.339055        0.077209        0.009554        -0.003556       0.001659        -0.000932       0.000568        -0.000765       0.000152        -0.000290       -0.000113       -0.000412       -0.000230       -0.000051       -0.000039       0.000043        -0.000346       0.000110        -0.000231       0.000400        -0.000430       -0.000411       0.000360        0.000628        0.000510        -0.000304       -0.000734       0.000009        -0.000001       0.000312  0.000699   -0.000180       0.000191        0.000387
0.354724        0.080707        0.010977        -0.003367       0.001757        -0.000419       0.000442        -0.000647       -0.000238       0.000384        0.000256        0.000668        -0.000110       0.000081        0.000445        0.000074        -0.000114       -0.000155       -0.000145       -0.000495       -0.000233       0.000624        -0.000423       -0.000038       0.000550        0.000544        0.000343        -0.000192       0.000043        -0.000006 -0.000183  -0.000023       -0.000877       -0.000468
0.370394        0.085156        0.012151        -0.003000       0.002129        -0.001073       0.000519        0.000147        0.000106        -0.000255       -0.000185       -0.000937       0.000518        0.000043        0.000099        -0.000764       -0.000053       0.000356        0.000079        0.000392        0.000285        0.000002        -0.000198       -0.000525       0.000298        0.000586        0.000298        -0.000664       -0.000243       0.000195  -0.000127  -0.000126       -0.000356       0.000409
0.386063        0.089084        0.012831        -0.003605       0.002506        -0.001629       0.000528        -0.000420       0.000120        -0.000653       0.000573        -0.000348       -0.000149       0.000098        0.000326        0.000131        -0.000015       -0.000207       0.000311        -0.000053       0.000142        -0.000691       0.000565        -0.000049       -0.000508       -0.000425       0.000401        -0.000586       0.000575        0.000145  0.000187   -0.000052       -0.000294       0.000020
0.401732        0.093288        0.013729        -0.004197       0.003504        -0.001040       0.000193        -0.000323       -0.000266       -0.000103       0.000505        -0.000133       0.000162        0.000403        -0.000623       -0.000125       -0.000601       -0.000097       -0.000714       -0.000213       -0.000223       -0.000304       0.000326        -0.000181       0.000036        -0.000031       0.000241        0.000118        -0.000040       0.000244  -0.000073  -0.000153       -0.000395       0.000214
0.417402        0.097527        0.015574        -0.004385       0.002932        -0.000870       0.000649        -0.000069       -0.000299       -0.000361       0.000181        -0.000254       0.000175        -0.000128       -0.000368       -0.000107       0.000344        -0.000097       -0.000067       -0.000030       0.000357        -0.000105       0.000038        0.000418        -0.000261       0.000054        -0.000357       0.000207        0.000032        -0.000526 -0.000547  -0.000087       -0.000122       -0.000168
0.433071        0.102021        0.017243        -0.004531       0.003259        -0.001292       0.001139        -0.001045       0.000354        -0.000193       -0.000277       0.000274        0.000005        0.000042        -0.000226       -0.000523       0.000029        0.000110        -0.000114       0.000505        0.000443        -0.000136       -0.000550       -0.000220       0.000309        -0.000567       -0.000038       0.000212        -0.000095       0.000006  0.000072   0.000358        -0.000412       0.001214
0.448740        0.106031        0.017130        -0.005551       0.003096        -0.001309       0.000958        -0.000010       -0.000206       -0.000400       0.000277        -0.000059       0.000317        -0.000778       0.000072        -0.000418       0.000174        -0.000172       0.000146        -0.000053       0.000382        0.000305        -0.000190       0.000259        -0.000201       0.000015        0.000248        -0.000372       0.000009        0.000434  0.000054   0.000351        -0.000086       -0.000713
0.464409        0.110214        0.019306        -0.005439       0.003796        -0.001707       0.001272        -0.000104       0.000282        -0.001246       0.000087        0.000033        -0.000758       -0.000009       -0.000376       0.000310        -0.000062       -0.000274       0.000589        -0.000033       0.000271        0.000185        -0.000467       0.000031        -0.000525       -0.000253       -0.000426       -0.000473       0.000471        0.000231  0.000264   0.000400        -0.000097       -0.000134
0.480079        0.115487        0.021272        -0.005636       0.003728        -0.001823       0.000734        -0.000409       0.000574        -0.000541       0.000210        0.000175        0.000459        0.000713        0.000339        0.000492        0.000495        0.000085        0.000250        -0.000079       -0.000221       -0.000403       0.000178        0.000492        -0.000087       -0.000944       -0.000029       -0.000396       0.000338        0.000160  0.000230   0.000028        -0.000535       0.000103
0.495748        0.119436        0.023004        -0.006063       0.003936        -0.001542       0.000881        -0.000348       0.000402        0.000504        0.000065        -0.000462       -0.000373       0.000118        0.000219        0.000350        -0.000641       0.000083        -0.000106       0.000423        0.000213        0.000646        0.000496        -0.000335       -0.000342       -0.000102       0.000232        0.000038        -0.000112       -0.000163 -0.000074  -0.000193       -0.000336       -0.000144
0.511417        0.124435        0.024620        -0.006328       0.004097        -0.001528       0.001674        -0.000887       0.000062        0.000133        0.000289        -0.000064       -0.000233       -0.000283       0.000307        0.000042        0.000447        0.000222        0.000061        -0.000222       -0.000281       0.000293        -0.000514       -0.000110       0.000659        -0.000087       0.000603        -0.000488       0.000067        0.000115  0.000267   0.000193        0.000335        -0.000122
0.527087        0.128750        0.025231        -0.007345       0.004426        -0.001841       0.000263        -0.000528       0.000486        -0.000227       -0.000133       0.000641        0.000401        0.000165        0.000427        -0.000470       -0.000084       0.000513        -0.000117       0.000152        0.000330        -0.000850       -0.000040       0.000605        -0.000148       0.000151        0.000273        0.000313        0.000045        -0.000240 0.000156   -0.000366       -0.000400       0.000241
0.542756        0.133859        0.027201        -0.007294       0.004746        -0.002193       0.000773        -0.001008       0.000307        -0.000536       0.000073        -0.000472       0.000115        0.000048        -0.000046       -0.000867       0.000360        -0.000054       -0.000168       -0.000387       0.000197        -0.000011       -0.000551       0.000288        0.000174        0.000359        -0.000313       -0.000398       0.000324        0.000445  -0.000345  0.000614        0.000296        -0.000408
0.558425        0.138655        0.029477        -0.007229       0.004810        -0.001694       0.001055        -0.000930       0.000191        -0.000444       0.000168        -0.000183       0.000095        -0.000237       0.000149        0.000052        -0.000413       0.000147        0.000089        0.000138        -0.000048       0.000466        0.000334        -0.000380       0.000073        0.000521        0.000678        0.000645        -0.000138       -0.000136 0.000417   0.000141        -0.000216       -0.000184
0.574094        0.143829        0.031313        -0.008100       0.004711        -0.001815       0.001106        -0.000786       0.000542        0.000059        0.000530        0.000437        -0.000033       0.000409        -0.000013       -0.000145       -0.000520       -0.000029       0.000168        0.000284        0.000052        0.000375        0.000248        -0.000445       0.000602        -0.000909       0.000025        0.000515        -0.000207       0.000569  0.000026   -0.000047       -0.000004       0.000432
0.589764        0.148748        0.034555        -0.008348       0.005728        -0.002070       0.001795        -0.000391       0.000505        -0.000654       0.000161        0.000005        0.000110        0.000113        -0.000360       -0.000027       0.000228        -0.000173       -0.000108       0.000106        0.000365        -0.000061       0.000106        -0.000057       -0.000528       0.000534        0.000090        0.000373        -0.000036       -0.000162 -0.000255  0.000098        0.000160        -0.000038
0.605433        0.153609        0.035022        -0.008463       0.005802        -0.002390       0.001449        -0.000439       0.000422        -0.000379       0.000579        -0.000263       0.000114        -0.000405       0.000513        0.000052        -0.000262       0.000429        0.000653        0.000218        -0.000256       -0.000172       0.000186        0.000070        0.000586        -0.000405       -0.000682       -0.000058       -0.000546       0.000023  0.000187   -0.000368       -0.000060       0.000176
0.621102        0.159338        0.037688        -0.008608       0.005770        -0.002605       0.001750        -0.001154       0.000135        0.000154        0.000488        0.000596        -0.000377       -0.000425       -0.000281       -0.000346       -0.000367       0.000043        -0.000219       -0.000529       -0.000271       -0.000691       -0.000363       0.000346        0.000656        0.000623        0.000437        -0.000619       0.000311        0.000245  -0.000307  -0.000396       -0.000448       0.000340
0.636772        0.164608        0.039817        -0.008867       0.006173        -0.003096       0.001081        -0.000391       0.000127        -0.000716       -0.000021       -0.000106       0.000250        0.000529        0.000616        0.000392        0.000338        -0.000505       -0.000347       0.000203        -0.000102       -0.000267       -0.000072       0.000255        0.000358        0.000231        -0.000261       0.000816        0.000539        0.000359  0.000382   0.000271        -0.000505       0.000596
0.652441        0.169865        0.042075        -0.008766       0.006414        -0.002349       0.001929        -0.000220       0.000166        0.000023        -0.000235       -0.000499       -0.000491       0.000302        -0.000206       -0.000818       0.000466        -0.000206       0.000152        -0.000063       0.000656        -0.000152       0.000317        0.000204        0.000591        -0.000142       -0.000467       -0.000096       0.000102        0.000315  0.000524   -0.000290       0.000161        0.000180
0.668110        0.175993        0.044499        -0.010003       0.006923        -0.001903       0.001294        -0.000891       0.000701        0.000104        -0.000144       -0.000101       0.000505        -0.000429       -0.000691       0.000215        -0.000052       -0.000118       0.000986        -0.000118       -0.000163       -0.000323       0.000054        0.000388        -0.000305       -0.000038       -0.000704       0.000301        -0.000157       -0.000041 -0.000104  -0.000061       0.000198        0.000378
0.683780        0.180856        0.046415        -0.009998       0.006967        -0.002938       0.001079        -0.000977       -0.000445       0.000146        0.000306        -0.000062       0.000231        -0.000303       -0.000454       -0.000265       -0.000370       0.000069        0.000323        0.000165        0.000325        0.000335        0.000407        0.000099        0.000510        -0.000188       -0.000327       0.000498        0.000138        0.000244  -0.000407  0.000003        -0.000255       0.000632
0.699449        0.187817        0.049904        -0.009790       0.007149        -0.002730       0.001164        -0.001012       0.000410        -0.000002       0.000855        -0.000269       -0.000582       -0.000277       -0.000278       0.000086        -0.000377       -0.000109       0.000100        0.000020        -0.000042       -0.000010       0.000098        -0.000076       0.000238        0.000081        0.000379        0.000625        -0.000370       -0.000284 0.000116   -0.000012       0.000219        -0.000330
0.715118        0.194623        0.052757        -0.010609       0.008136        -0.002644       0.001059        -0.000303       0.000063        -0.000791       0.000427        0.000049        -0.000074       0.000284        -0.000634       0.000636        0.000426        -0.000349       0.001192        0.000015        -0.000146       -0.000014       0.000544        0.000081        -0.000111       0.000070        -0.000387       -0.000532       0.000082        0.000173  0.000062   0.000609        0.000151        0.000170
0.730787        0.200586        0.055737        -0.011190       0.007930        -0.003222       0.001158        -0.000704       0.000395        -0.000195       0.000413        -0.000617       0.000294        0.000018        -0.000649       0.000443        -0.000431       -0.000121       -0.000036       0.000262        0.000487        -0.000802       0.000012        0.000325        -0.000333       0.000194        0.000755        0.000277        -0.000264       0.000026  -0.000161  0.000287        0.000417        0.000206
0.746457        0.208234        0.058584        -0.011406       0.007686        -0.002934       0.001110        -0.000767       0.000774        0.000420        -0.000474       -0.000166       0.000161        -0.000064       0.000591        0.000103        0.000077        -0.000030       0.000083        0.000023        -0.000497       0.000087        0.000199        0.000323        -0.000300       0.000198        -0.000614       -0.000514       0.000128        0.000243  -0.000036  0.000268        -0.000267       -0.000365
0.762126        0.215280        0.062512        -0.011501       0.008043        -0.003316       0.001624        0.000287        0.000393        -0.000599       0.000435        -0.000231       -0.000117       -0.000321       -0.000033       -0.000367       -0.000106       -0.000348       -0.000151       -0.000165       -0.000244       -0.000804       0.000269        0.000200        0.000180        0.000340        -0.000647       -0.000083       -0.000258       -0.000076 -0.000340  0.000224        -0.000165       0.000250
0.777795        0.222896        0.065583        -0.011713       0.008039        -0.002877       0.001692        -0.000876       0.000417        0.000132        0.000340        0.000238        -0.000122       -0.000187       0.000409        -0.000231       -0.000154       0.000236        0.000198        0.000353        0.000449        0.000199        -0.000069       -0.000810       0.000091        0.000018        -0.000159       -0.000577       -0.000665       0.000548  0.000222   -0.000102       0.000039        -0.000644
0.793465        0.230562        0.069754        -0.011488       0.008721        -0.002847       0.001837        -0.000452       0.000853        0.000191        0.000451        -0.000142       -0.001079       0.000298        0.000245        0.000403        0.000614        0.000208        -0.000300       0.000191        -0.000350       -0.000004       0.000110        0.000446        0.000360        -0.000373       0.000061        0.000306        -0.000023       -0.000207 0.000227   -0.000274       0.000550        -0.001162
0.809134        0.238689        0.073419        -0.011711       0.009293        -0.002846       0.001610        -0.000711       -0.000295       0.000077        0.000296        -0.000699       -0.000111       -0.000648       -0.000182       -0.000139       -0.000015       -0.000586       0.000006        -0.000053       -0.000319       -0.000593       -0.000200       -0.000138       0.000130        0.000160        0.000212        0.000135        0.000557        -0.000145 -0.000565  -0.000089       0.000413        0.000403
0.824803        0.247067        0.077447        -0.011638       0.009926        -0.002661       0.001787        -0.000724       0.000433        -0.000226       -0.000275       -0.000330       -0.000137       -0.000295       0.000034        0.000369        0.000326        0.000022        0.000063        0.000669        -0.000104       -0.000045       -0.000141       -0.000137       -0.000672       0.000298        0.000133        0.000275        0.000169        -0.000678 0.000295   -0.000082       0.000114        0.000332
0.840472        0.256041        0.081128        -0.011787       0.009473        -0.003571       0.001532        -0.000038       0.000455        0.000044        -0.000353       0.000390        -0.000685       -0.000138       -0.000024       -0.000313       0.000154        -0.000015       0.000094        0.000119        0.000446        -0.000146       -0.000558       -0.000253       -0.000179       -0.000230       0.000080        -0.000079       0.000208        0.000251  0.000354   0.000619        -0.000087       0.000070
0.856142        0.266648        0.087648        -0.011786       0.010447        -0.002350       0.002338        -0.000458       0.000714        0.000201        0.000223        0.000075        0.000193        0.000075        0.000090        0.000188        -0.000321       0.000812        -0.000072       0.000023        -0.000702       0.000348        -0.000288       0.000166        -0.000413       -0.000012       -0.000090       -0.000358       0.000077        -0.000200 0.000508   0.000668        -0.000039       0.000674
0.871811        0.274841        0.091095        -0.011832       0.010887        -0.002337       0.002204        -0.000629       0.000619        -0.000206       -0.000387       -0.000500       -0.000255       -0.000082       0.000563        -0.000093       0.000203        0.000667        0.000093        0.000210        -0.000392       -0.000618       -0.000233       0.000200        0.000411        0.000293        0.000068        -0.000057       -0.000156       -0.000153 -0.000824  0.000129        -0.000044       -0.000162
0.887480        0.286132        0.096797        -0.011283       0.011301        -0.001796       0.002301        -0.000674       0.000387        -0.000722       -0.000281       -0.000394       0.000117        -0.000491       -0.000102       0.000587        -0.000175       0.000237        0.000138        0.000022        -0.000199       -0.000125       -0.000142       -0.000187       -0.000117       -0.000188       -0.000061       0.000165        0.000242        -0.000493 -0.000408  0.000247        -0.000015       -0.000201
0.903150        0.296103        0.101862        -0.010881       0.011500        -0.002354       0.001821        -0.000595       0.000094        -0.000707       -0.000394       0.000386        -0.000534       -0.000018       0.000029        0.000059        0.000314        0.000286        0.000401        0.000848        -0.000051       -0.000004       -0.000200       0.000377        -0.000385       -0.000420       -0.000167       -0.000251       0.000041        0.000341  -0.000298  -0.000140       0.000178        0.000317
0.918819        0.308450        0.107973        -0.010264       0.012180        -0.002094       0.002016        -0.000997       -0.000135       -0.000279       0.000121        -0.000308       -0.000158       -0.000380       -0.000115       0.000333        -0.000725       -0.000044       -0.000495       -0.000233       -0.000070       0.000451        -0.000342       -0.000414       0.000199        0.000164        0.000419        -0.000008       -0.000017       -0.000049 -0.000152  -0.000288       -0.000209       -0.000177
0.934488        0.321261        0.113966        -0.010582       0.011587        -0.001836       0.001269        0.000036        0.000857        0.000313        0.000142        0.000522        0.000505        0.000111        0.000545        0.000433        -0.000089       0.000096        -0.000271       -0.000141       0.000238        0.000265        -0.000530       0.000015        0.000453        0.000119        -0.000387       -0.000264       -0.000635       0.000247  0.000542   0.000399        -0.000102       0.000453
0.950158        0.334678        0.120465        -0.009539       0.013408        -0.001178       0.001867        -0.000775       0.000204        0.000539        0.000668        0.000282        -0.000023       -0.000161       -0.000134       0.000053        -0.000191       0.000040        0.000008        0.000367        0.000230        -0.000588       0.000272        0.000244        -0.000105       0.000084        -0.000181       -0.000203       0.000277        0.000067  -0.000117  0.000412        0.000381        0.000866
0.965827        0.349290        0.127648        -0.008348       0.013321        -0.000974       0.002047        -0.000367       0.000171        -0.000291       0.000147        0.000190        -0.000333       0.000054        -0.000186       -0.000296       -0.000350       0.000137        -0.000480       -0.000834       -0.000578       -0.000057       -0.000443       0.000201        0.000435        0.000104        0.000051        0.000390        0.000060        -0.000059 -0.000125  0.000069        0.000535        0.000145
0.981496        0.365093        0.135085        -0.007444       0.013752        -0.000612       0.003152        -0.000231       0.000200        0.000038        0.000379        0.000403        0.000193        0.000657        -0.000291       -0.000061       -0.000192       -0.000069       -0.000323       -0.000167       -0.000212       0.000032        -0.000439       -0.000445       0.000088        0.000015        0.000135        -0.000202       -0.000299       -0.000239 0.000181   -0.000220       -0.000425       -0.000211
0.997165        0.381710        0.143816        -0.006072       0.014890        0.000686        0.003373        0.000311        0.000424        0.000284        0.000375        0.000292        -0.000647       0.000116        -0.000236       -0.000200       0.000373        0.000158        0.000816        0.001004        0.000742        -0.000270       -0.000084       -0.000165       0.000169        0.000195        -0.000105       0.000392        0.000476        0.000118  0.000067   0.000070        0.000098        0.000013
1.012835        0.402463        0.153564        -0.004260       0.016200        0.000293        0.002975        0.000524        0.000274        0.000162        0.000082        -0.000054       -0.000014       0.000236        0.000185        -0.000226       -0.000270       -0.000517       -0.000373       -0.000306       -0.000096       0.000217        0.000178        0.000040        0.000227        -0.000379       -0.000167       -0.000202       -0.000195       -0.000263 -0.000664  0.000077        -0.000038       0.000535
1.028504        0.425109        0.165258        -0.003070       0.016296        -0.000203       0.002250        0.000832        0.001347        0.000653        0.000125        0.000204        0.000118        -0.000362       -0.000261       0.000276        0.000583        0.000366        0.000659        0.000580        0.000137        -0.000166       0.000469        0.000240        -0.000700       -0.000211       0.000758        -0.000114       0.000283        0.000595  0.000048   0.000271        0.000478        0.000253
1.044173        0.450539        0.176855        -0.000676       0.017356        0.003031        0.004368        0.001239        0.002096        0.000442        0.000523        0.000210        -0.000350       0.000318        0.001277        0.001216        0.000166        0.000489        0.000475        0.000165        -0.000211       0.000109        -0.000382       0.000128        -0.000064       -0.000160       0.000325        0.000085        0.000285        0.000280  0.000338   0.000513        0.000456        0.000264
1.059843        0.483576        0.191195        0.000904        0.017736        0.003223        0.004422        0.001991        0.001439        0.000592        0.000464        0.000044        -0.000771       -0.000571       -0.000039       0.000479        0.000916        0.000828        0.000909        0.000179        0.000468        0.000748        0.000604        0.000215        0.000306        0.000340        0.000525        0.000184        0.000024        -0.000066 -0.000218  0.000083        0.000361        0.000128
1.075512        0.522352        0.208304        0.002979        0.018919        0.003789        0.004508        0.001421        0.001021        0.001423        0.000954        0.000644        0.000907        0.000559        0.000244        0.000275        0.000728        0.000973        0.000222        -0.000092       0.000968        0.000194        -0.000056       0.000502        0.000627        0.000330        0.000552        0.000246        0.000078        -0.000202 0.000148   0.000076        -0.000460       -0.000877
1.091181        0.562479        0.219845        0.002926        0.016868        0.001766        0.002969        0.000776        0.001100        0.001142        0.000882        0.000798        0.000603        0.000290        0.000492        -0.000004       -0.000204       -0.000149       -0.000127       -0.000065       0.000555        0.000827        0.000966        0.000925        0.000898        -0.000215       -0.000103       0.000243        0.000726        0.000185  -0.000663  -0.000432       -0.000149       -0.000198
1.106850        0.593899        0.225329        0.001695        0.014493        0.000930        0.001298        -0.000761       -0.000987       -0.000489       0.000492        0.000031        -0.000098       0.000733        0.000369        0.000743        0.000340        -0.000304       -0.000085       -0.000849       -0.000319       -0.000743       -0.000893       0.000351        0.000843        0.000250        0.000370        0.001393        0.001003        -0.000152 0.000087   0.001605        0.001452        0.000494
1.122520        0.626787        0.227981        0.002632        0.014579        0.003376        0.003636        0.002036        0.002187        0.000313        -0.000709       -0.000193       0.000136        -0.000350       -0.000115       -0.000246       -0.000197       0.000092        0.000025        0.000536        0.000202        0.000328        0.000787        0.000059        0.000217        0.000544        -0.000274       -0.000167       0.000890        0.000571  -0.000102  -0.000021       -0.000385       -0.001434
1.138189        0.647290        0.222497        0.001910        0.011530        0.001317        0.003148        0.001783        0.000661        0.000872        0.001230        0.000261        -0.001242       0.000038        0.001751        0.001352        0.000307        -0.000225       0.000348        -0.000156       -0.000922       -0.000423       0.000082        0.000874        0.001018        -0.000317       -0.001433       -0.002547       -0.002530       -0.001235 -0.000022  -0.000486       -0.000767       -0.000298
1.153858        0.672969        0.218882        0.001342        0.010352        0.001969        0.002882        0.000933        0.000362        0.000897        0.000012        0.000314        0.001312        0.000864        0.000680        -0.000374       0.000485        0.001044        0.000749        0.000547        -0.000389       -0.000850       -0.000193       0.001539        0.003012        0.002172        0.000176        -0.000039       -0.000112       -0.000184 0.001378   0.000827        0.000604        0.001596
1.169528        0.689963        0.216019        0.001773        0.011425        0.002311        0.002451        0.000719        0.000437        0.000371        0.000925        0.001049        -0.000080       -0.000536       -0.000703       -0.001156       -0.001213       -0.000634       0.000522        0.001207        0.001547        0.001904        0.001164        0.000471        0.000189        -0.000280       0.000744        0.000944        0.000060        -0.000075 0.000217   0.000532        0.000217        -0.000195
1.185197        0.707315        0.208789        0.000701        0.008330        0.000099        0.000004        -0.000310       0.001850        0.001683        0.000513        0.000654        0.000944        0.000575        0.000641        -0.000029       -0.001516       -0.001597       -0.000560       -0.000107       -0.001049       -0.001530       -0.000622       -0.000502       -0.000870       0.000894        0.001106        0.000707        0.001843        0.001351  0.000300   -0.000635       -0.000772       -0.000697
1.200866        0.728245        0.201081        -0.002477       0.004667        -0.001046       0.000721        -0.000332       -0.001111       -0.001163       -0.000357       0.000672        0.000318        -0.000665       -0.000740       -0.001074       -0.001067       -0.000237       0.000035        -0.000027       -0.000645       -0.001573       -0.001416       -0.000071       0.000522        -0.000894       -0.002530       -0.002750       -0.002080       -0.001369 0.000120   0.001401        0.001031        0.000426
1.216535        0.747632        0.193277        0.001123        0.005649        -0.000395       0.001547        0.000965        -0.001262       -0.001568       -0.000059       0.001082        0.001231        0.000576        0.000579        0.001069        0.000309        -0.000858       -0.000542       -0.000540       -0.000645       -0.000027       -0.000159       -0.000025       0.000886        0.001511        0.001218        0.000516        -0.000103       -0.000528 -0.001074  -0.001137       -0.000041       0.000887
1.232205        0.769751        0.182182        -0.000317       0.005601        0.001357        0.001044        0.000573        0.000791        0.001016        -0.000722       -0.002757       -0.001416       -0.000326       -0.001590       -0.002503       -0.001807       -0.000786       -0.001098       -0.001523       -0.000037       0.001568        0.000322        -0.000416       -0.000675       -0.001928       -0.001763       0.000065        -0.000354       -0.000994 -0.000520  -0.000536       0.001205        0.002841
1.247874        0.782464        0.174510        0.001455        0.006202        0.000795        0.000130        -0.000053       0.000333        0.000141        -0.000771       -0.000204       0.000932        0.000648        0.000423        0.001077        0.000954        -0.000138       -0.000179       0.000943        0.001187        0.000880        0.000374        0.000481        0.000184        -0.000938       -0.001090       -0.000255       0.000558        0.001497  0.002311   0.002744        0.001248        -0.000164
1.263543        0.797532        0.166238        0.000359        0.005052        0.000705        0.001685        0.002403        0.001795        0.000241        0.000718        0.001833        -0.000028       -0.002242       -0.002104       -0.000920       -0.001875       -0.003219       -0.002112       -0.000528       -0.000305       -0.000701       -0.000225       0.000182        -0.000608       0.000038        0.001931        0.001229        -0.000382       0.000022  0.000673   0.000207        0.000465        0.001125
1.279213        0.817258        0.154048        0.001124        0.005582        0.002080        0.001085        -0.000145       -0.000895       -0.000168       0.000718        0.001064        0.001162        0.000725        -0.000012       0.000256        0.000254        -0.000686       -0.000655       -0.000526       -0.000991       -0.000939       -0.000042       0.000093        -0.000811       -0.000476       0.000902        0.001188        0.000413        -0.000596 -0.000460  -0.001151       -0.002167       -0.002022
1.294882        0.822939        0.149979        -0.000867       0.003648        0.001663        0.000977        -0.000160       -0.000365       -0.000353       -0.000089       -0.000319       -0.000198       0.000708        0.001041        0.000934        0.000817        0.000559        -0.000106       -0.001269       -0.001574       -0.000678       -0.000247       0.000060        0.000921        0.000483        -0.000074       -0.000110       -0.000976       -0.000942 0.000525   0.001144        0.000895        0.000824
1.310551        0.828028        0.145835        0.000170        0.003946        0.000753        0.000890        0.001828        0.001985        0.001461        0.000319        -0.001443       -0.002119       -0.000755       0.000540        -0.000066       -0.001159       -0.000521       0.000772        0.000468        -0.001026       -0.001563       -0.000588       -0.000647       -0.001114       -0.000620       0.000001        0.000095        0.000776        0.001705  0.001052   0.000392        0.000768        0.000919
1.326221        0.845553        0.134472        0.000695        0.002768        0.000581        0.001182        -0.000738       -0.002050       -0.000823       0.000199        0.000676        0.000911        0.000352        -0.000293       -0.001151       -0.001886       -0.001376       -0.000483       -0.000298       -0.001273       -0.001510       -0.000083       0.000724        0.000557        0.000084        0.000489        0.001368        0.000445        -0.000142 0.000515   0.000463        0.000162        0.000024
1.341890        0.853846        0.128237        0.000601        0.003254        0.000261        -0.000947       -0.000138       0.001394        0.000459        -0.000280       0.000449        -0.000438       -0.001203       -0.000305       0.000282        0.000443        0.000731        0.000502        0.000177        -0.000293       -0.000832       -0.000716       -0.000991       -0.001610       -0.000710       0.000286        -0.000398       -0.000381       0.000498  0.000677   0.000776        0.000769        0.000649
1.357559        0.859867        0.123379        -0.000890       0.002212        0.000914        0.001092        0.000479        0.000050        -0.000001       0.000298        0.000747        -0.000244       -0.001364       -0.001067       -0.000395       0.000565        0.000764        0.000653        0.001058        0.001141        0.000535        -0.000650       -0.000693       0.000034        0.000735        0.001008        -0.000058       -0.000582       0.000067  0.000436   -0.000154       -0.000323       0.000005
1.373228        0.871689        0.115047        -0.000317       0.001208        -0.000396       -0.000476       -0.001080       -0.000991       -0.000689       -0.000825       -0.000711       -0.000322       0.000145        0.000844        0.001184        0.000519        -0.000670       -0.001318       -0.000915       0.000323        0.000875        0.000701        -0.000107       -0.001025       -0.000719       -0.000194       -0.000086       -0.000307       -0.001258 -0.001746  -0.001307       -0.000785       -0.000486
1.388898        0.887650        0.101671        -0.000718       0.000295        -0.001001       -0.000178       0.000813        0.000568        0.000049        -0.000267       -0.000455       0.000043        0.000458        -0.000232       -0.000727       -0.000530       -0.000706       -0.000333       -0.000259       -0.000353       -0.000362       -0.000345       -0.000426       -0.000644       0.000028        0.000496        -0.000184       -0.000642       -0.000566 -0.000638  -0.000758       0.000189        0.001088
1.404567        0.890282        0.100341        0.000258        0.001700        -0.000231       -0.000565       0.000297        0.000742        -0.000183       -0.001160       -0.000276       0.000924        0.000735        -0.000223       -0.001337       -0.001272       -0.000729       -0.001240       -0.001196       -0.000598       -0.000525       0.000226        0.000745        -0.000018       -0.000897       -0.000806       -0.000247       0.000142        0.000303  -0.000043  -0.000413       -0.000382       -0.000260
1.420236        0.898206        0.093263        -0.000638       0.001189        0.000204        0.000093        0.000462        0.000120        -0.000444       -0.000036       0.000433        0.000266        -0.000238       -0.000614       0.000179        0.000733        0.000017        0.000140        0.001089        0.000972        -0.000221       -0.000606       -0.000098       0.000326        0.000181        -0.000338       0.000107        0.000313        -0.000302 -0.000042  0.000009        -0.000949       -0.001509
1.435906        0.903892        0.088566        -0.000430       0.000972        0.000111        0.000517        0.000971        0.000629        -0.000358       -0.000751       -0.000367       0.000021        0.000330        0.000178        0.000165        0.000026        -0.000814       -0.000540       0.000605        0.000597        -0.000096       -0.000149       0.000267        0.000509        0.000212        0.000059        0.000542        0.000649        0.000384  0.000092   -0.000169       0.000230        0.000709
1.451575        0.912205        0.081705        0.000030        0.000917        0.000307        0.000284        -0.000120       0.000278        0.000782        0.000479        0.000705        0.000830        0.000169        0.000056        0.000189        -0.000364       -0.000525       -0.000126       -0.000284       -0.000543       -0.000527       -0.000192       0.000130        -0.000010       -0.000094       -0.000191       0.000220        0.000670        -0.000040 -0.000449  0.000105        0.000674        0.000871
1.467244        0.916665        0.078157        0.000260        0.000947        0.000140        -0.000133       -0.000620       -0.000441       0.000211        0.000465        0.000267        0.000034        -0.000334       -0.000776       -0.000374       0.000368        0.000389        0.000389        0.000447        0.000227        -0.000123       -0.000687       -0.000625       0.000179        0.000421        0.000466        0.000816        0.000558        -0.000107 -0.000227  0.000041        0.000052        -0.000059
1.482913        0.918467        0.076139        -0.000616       0.000340        0.000311        0.000276        -0.000222       -0.000294       -0.000116       0.000536        0.000832        0.000208        0.000111        0.000268        0.000450        0.000566        0.000076        -0.000194       0.000495        0.001049        0.000302        -0.000424       -0.000503       -0.000022       0.000816        0.000456        -0.000474       -0.000530       -0.000455 -0.000505  -0.000037       0.000595        0.000834
1.498583        0.919277        0.075876        0.000174        0.000774        -0.000001       0.000175        0.000662        0.000420        -0.000609       -0.000626       0.000187        0.000324        0.000065        0.000010        -0.000086       -0.000152       0.000080        0.000124        -0.000490       -0.000793       -0.000440       -0.000278       -0.000498       -0.000774       -0.000657       -0.000159       0.000237        0.000112        -0.000299 -0.000006  0.000606        0.000721        0.000681
1.514252        0.930989        0.065135        -0.000417       0.000686        0.000213        -0.000678       -0.001074       -0.000779       -0.000273       0.000089        0.000057        -0.000469       -0.000617       -0.000207       -0.000341       -0.000381       -0.000055       0.000123        0.000606        0.000887        0.000167        -0.000391       -0.000515       -0.000486       -0.000298       -0.000272       -0.000004       -0.000094       -0.000414 -0.000022  0.000323        -0.000301       -0.000890
1.529921        0.928582        0.067583        -0.000110       0.000835        0.000520        -0.000182       -0.000630       -0.000367       -0.000133       0.000065        0.000201        0.000266        0.000170        -0.000082       -0.000188       -0.000159       0.000306        0.000723        0.000499        -0.000038       -0.000530       -0.000469       0.000096        0.000244        -0.000015       -0.000144       0.000023        0.000497        0.000831  0.000603   -0.000122       -0.000465       -0.000396
1.545591        0.934469        0.062155        -0.000273       0.000282        -0.000221       -0.000139       0.000120        0.000310        0.000154        -0.000238       -0.000660       -0.000629       -0.000324       -0.000420       -0.000362       0.000024        0.000031        -0.000123       0.000097        0.000656        0.001053        0.000818        0.000371        0.000086        -0.000094       -0.000252       -0.000413       -0.000340       -0.000124 -0.000000  -0.000119       -0.000136       0.000008
1.561260        0.941969        0.055331        -0.000406       -0.000446       -0.000497       -0.000067       -0.000119       -0.000442       -0.000234       0.000224        -0.000041       -0.000498       -0.000415       -0.000238       -0.000045       0.000105        -0.000073       -0.000165       -0.000067       0.000123        0.000019        -0.000094       -0.000011       0.000006        -0.000150       -0.000205       0.000142        0.000356        0.000445  0.000310   -0.000034       0.000071        0.000307
1.576929        0.941259        0.056087        0.000281        0.000563        -0.000312       -0.000204       0.000242        -0.000005       -0.000389       -0.000329       0.000058        0.000221        0.000046        -0.000003       -0.000148       -0.000508       -0.000652       -0.000399       0.000007        0.000115        0.000270        0.000698        0.000720        0.000218        -0.000003       0.000114        -0.000098       -0.000268       -0.000191 -0.000254  -0.000436       -0.000645       -0.000744
1.592598        0.947416        0.050391        -0.000363       0.000140        -0.000126       -0.000379       -0.000461       -0.000560       -0.000279       0.000100        0.000162        0.000537        0.000586        -0.000010       -0.000020       0.000548        0.000821        0.000584        -0.000034       -0.000504       -0.000565       -0.000350       -0.000003       0.000409        0.000490        0.000181        0.000234        0.000799        0.000796  0.000079   -0.000115       -0.000055       -0.000149
1.608268        0.950717        0.047435        -0.000118       0.000286        0.000239        -0.000039       -0.000325       -0.000193       0.000022        0.000090        0.000022        0.000033        0.000075        -0.000171       -0.000178       -0.000064       -0.000484       -0.000651       -0.000411       -0.000173       0.000064        -0.000003       -0.000050       0.000314        0.000627        0.000263        -0.000126       0.000020        -0.000089 -0.000296  -0.000082       0.000410        0.000708
1.623937        0.953684        0.044774        0.000279        0.000850        0.000301        -0.000064       -0.000068       -0.000232       -0.000444       0.000030        0.000639        0.000516        0.000514        0.000454        0.000053        0.000045        0.000207        0.000353        0.000443        0.000190        -0.000256       -0.000305       -0.000159       -0.000261       -0.000409       -0.000434       -0.000332       -0.000258       -0.000263 -0.000152  -0.000123       0.000020        0.000242
1.639606        0.957278        0.041351        -0.000124       -0.000110       -0.000447       -0.000289       -0.000074       0.000128        0.000328        0.000233        0.000442        0.000593        0.000184        0.000085        0.000113        0.000203        0.000401        0.000223        -0.000056       -0.000301       -0.000087       0.000479        0.000527        0.000123        0.000033        0.000189        0.000089        0.000102        0.000048  -0.000182  -0.000257       -0.000271       -0.000271
1.655276        0.960163        0.038674        -0.000085       0.000113        -0.000274       -0.000317       -0.000082       -0.000003       -0.000074       -0.000080       -0.000062       0.000164        0.000035        -0.000617       -0.000538       -0.000017       -0.000014       -0.000011       0.000155        0.000066        -0.000018       -0.000084       -0.000152       0.000107        0.000108        -0.000161       -0.000247       -0.000287       -0.000151 0.000015   0.000005        0.000088        0.000210
1.670945        0.959749        0.039062        0.000120        0.000450        0.000428        0.000424        0.000147        0.000009        0.000082        0.000027        0.000065        0.000098        -0.000136       -0.000055       0.000302        0.000179        -0.000296       -0.000409       -0.000263       -0.000328       -0.000284       -0.000074       -0.000004       0.000046        -0.000155       -0.000393       -0.000240       -0.000154       -0.000049 0.000170   0.000059        0.000048        0.000196
1.686614        0.965484        0.033560        -0.000141       0.000169        0.000209        0.000213        0.000252        0.000097        -0.000142       -0.000209       -0.000135       -0.000120       -0.000061       0.000099        0.000138        0.000195        0.000206        0.000072        -0.000029       -0.000079       -0.000052       -0.000070       -0.000025       0.000242        0.000388        0.000317        0.000567        0.000698        0.000028  -0.000324  -0.000093       0.000018        0.000042
1.702284        0.965364        0.033658        -0.000241       0.000032        -0.000136       -0.000156       -0.000111       -0.000241       -0.000209       0.000044        0.000169        0.000090        -0.000097       -0.000041       0.000320        0.000510        0.000398        0.000162        -0.000004       -0.000196       -0.000287       -0.000214       -0.000291       -0.000352       -0.000255       -0.000285       -0.000207       0.000054        -0.000051 -0.000289  -0.000141       0.000041        0.000032
1.717953        0.966368        0.032789        0.000001        0.000087        -0.000138       -0.000077       0.000072        0.000153        0.000034        -0.000075       0.000074        0.000110        -0.000027       0.000029        0.000056        -0.000071       0.000155        0.000364        0.000102        -0.000117       -0.000218       -0.000200       0.000043        0.000156        0.000109        0.000195        0.000135        -0.000038       0.000004  -0.000095  -0.000282       -0.000249       -0.000183
1.733622        0.967802        0.031409        0.000028        0.000502        0.000440        0.000123        -0.000106       -0.000242       -0.000312       -0.000162       0.000030        0.000073        -0.000034       -0.000157       -0.000253       -0.000116       0.000220        0.000166        0.000074        0.000223        -0.000014       -0.000445       -0.000338       -0.000034       -0.000047       0.000018        0.000119        0.000041        0.000005  -0.000147  -0.000311       -0.000246       -0.000178
1.749291        0.969602        0.029666        -0.000306       -0.000216       -0.000154       -0.000007       0.000010        0.000036        0.000134        0.000156        0.000044        -0.000097       -0.000190       -0.000241       -0.000083       0.000148        0.000118        -0.000229       -0.000408       -0.000245       -0.000179       -0.000127       -0.000021       -0.000098       -0.000098       0.000162        0.000300        0.000169        -0.000032 -0.000151  -0.000196       -0.000071       0.000074
1.764961        0.971543        0.027823        0.000009        0.000294        -0.000006       -0.000110       0.000006        -0.000011       -0.000133       -0.000167       -0.000150       0.000010        0.000229        0.000156        -0.000017       -0.000093       -0.000070       0.000109        0.000152        0.000073        0.000146        0.000007        -0.000240       -0.000141       -0.000041       -0.000107       0.000012        0.000107        -0.000075 -0.000139  0.000051        0.000236        0.000302
1.780630        0.975931        0.023709        0.000180        0.000205        -0.000131       -0.000130       0.000206        0.000264        0.000188        0.000177        0.000187        0.000193        0.000043        -0.000077       -0.000140       -0.000176       -0.000064       0.000060        0.000066        0.000055        0.000010        -0.000001       0.000025        0.000058        0.000101        -0.000001       0.000024        0.000247        0.000230  0.000067   0.000128        0.000246        0.000262
1.796299        0.974895        0.024529        -0.000244       -0.000052       -0.000144       -0.000303       -0.000263       -0.000136       -0.000067       0.000035        0.000115        0.000069        0.000094        0.000040        -0.000126       -0.000170       -0.000129       -0.000113       -0.000132       -0.000055       0.000005        -0.000002       0.000038        0.000033        -0.000028       0.000041        0.000109        -0.000020       -0.000004 0.000098   -0.000046       -0.000138       -0.000103
1.811969        0.977711        0.021853        -0.000116       0.000169        0.000181        -0.000027       -0.000139       0.000029        0.000227        0.000200        0.000088        0.000093        0.000149        0.000109        0.000025        -0.000028       0.000078        0.000224        0.000134        0.000071        0.000067        -0.000090       -0.000191       -0.000195       -0.000157       -0.000057       -0.000012       0.000065        0.000151  0.000046   -0.000054       -0.000135       -0.000216
1.827638        0.979231        0.020393        -0.000104       0.000061        0.000031        -0.000031       0.000043        0.000171        0.000114        -0.000025       0.000000        0.000003        0.000011        0.000086        0.000007        -0.000104       -0.000046       0.000068        0.000121        0.000084        0.000054        0.000046        -0.000082       -0.000088       0.000112        0.000244        0.000144        -0.000054       -0.000003 0.000195   0.000293        0.000279        0.000239
1.843307        0.980504        0.019162        -0.000105       -0.000053       -0.000056       -0.000080       -0.000060       0.000158        0.000417        0.000411        0.000142        -0.000004       0.000003        -0.000005       -0.000032       -0.000072       -0.000058       -0.000073       -0.000033       0.000062        -0.000025       -0.000159       -0.000114       0.000010        0.000041        0.000055        0.000075        -0.000012       -0.000078 -0.000090  -0.000014       0.000079        0.000076
1.858976        0.980776        0.019036        0.000241        0.000212        -0.000051       -0.000162       -0.000149       -0.000037       0.000151        0.000184        0.000016        -0.000105       -0.000094       0.000004        0.000005        -0.000059       -0.000046       -0.000065       -0.000127       -0.000141       -0.000025       0.000086        0.000115        0.000136        0.000048        -0.000072       -0.000151       -0.000148       -0.000056 -0.000022  -0.000007       -0.000063       -0.000141
1.874646        0.982155        0.017564        -0.000136       0.000027        0.000125        0.000090        0.000054        0.000025        -0.000000       0.000048        -0.000008       -0.000067       -0.000093       -0.000152       -0.000114       -0.000103       -0.000141       -0.000070       -0.000027       -0.000088       -0.000122       -0.000040       0.000124        0.000171        0.000175        0.000175        0.000035        -0.000051       -0.000078 -0.000091  -0.000039       -0.000052       -0.000088
1.890315        0.980889        0.018875        0.000062        0.000083        -0.000060       -0.000056       0.000066        0.000065        -0.000051       -0.000094       -0.000037       0.000169        0.000221        0.000003        -0.000090       -0.000101       -0.000083       -0.000024       -0.000079       -0.000117       -0.000062       -0.000103       -0.000166       -0.000138       -0.000126       -0.000130       -0.000142       -0.000174       -0.000126 0.000012   0.000139        0.000111        0.000034
1.905984        0.983354        0.016412        -0.000039       0.000020        0.000014        -0.000021       -0.000047       0.000049        0.000119        -0.000005       -0.000069       -0.000032       0.000057        0.000131        0.000090        0.000034        -0.000057       -0.000098       -0.000016       0.000012        -0.000036       -0.000067       -0.000047       -0.000022       -0.000029       -0.000060       -0.000110       -0.000153       -0.000141 -0.000023  0.000045        0.000073        0.000122
1.921654        0.983315        0.016477        -0.000015       -0.000061       -0.000136       -0.000093       0.000020        0.000018        0.000075        0.000295        0.000261        0.000052        0.000015        0.000016        -0.000060       -0.000112       -0.000031       0.000065        0.000121        0.000127        0.000019        -0.000017       0.000030        0.000039        0.000034        -0.000020       -0.000050       0.000003        -0.000010 -0.000027  -0.000032       -0.000153       -0.000242
1.937323        0.986413        0.013432        -0.000046       0.000075        0.000094        0.000006        -0.000025       -0.000016       -0.000065       -0.000112       -0.000073       -0.000011       -0.000054       -0.000135       -0.000149       -0.000119       -0.000074       0.000003        0.000040        0.000003        0.000036        0.000067        0.000021        0.000043        0.000058        -0.000029       -0.000116       -0.000108       0.000002  0.000036   -0.000047       -0.000112       -0.000132
1.952992        0.985747        0.014165        0.000048        -0.000001       -0.000080       -0.000028       0.000055        0.000038        -0.000001       -0.000053       -0.000067       0.000066        0.000163        0.000115        -0.000010       -0.000107       -0.000008       0.000098        -0.000053       -0.000177       -0.000148       -0.000105       -0.000039       -0.000030       -0.000075       -0.000014       0.000030        -0.000059       -0.000044 0.000015   0.000060        0.000105        0.000092
1.968661        0.986354        0.013520        -0.000009       0.000021        -0.000033       -0.000025       0.000020        -0.000012       -0.000065       -0.000101       -0.000067       0.000021        0.000026        0.000019        0.000043        0.000001        -0.000007       0.000058        0.000041        0.000004        0.000001        -0.000018       -0.000047       -0.000063       -0.000030       0.000030        0.000037        0.000024        0.000036  0.000039   0.000014        -0.000008       -0.000010
1.984331        0.987354        0.012571        0.000076        0.000076        -0.000017       -0.000069       -0.000105       -0.000089       -0.000041       -0.000055       -0.000006       0.000081        0.000049        0.000032        0.000054        0.000026        0.000016        -0.000003       -0.000066       -0.000055       0.000024        0.000014        -0.000042       -0.000029       -0.000015       -0.000038       -0.000075       -0.000059       -0.000006 -0.000054  -0.000123       0.000015        0.000160
2.000000        0.989080        0.010812        -0.000023       0.000094        0.000088        -0.000006       -0.000067       -0.000044       0.000004        0.000011        0.000001        0.000000        -0.000001       -0.000036       -0.000052       -0.000021       -0.000010       -0.000039       -0.000004       0.000064        0.000075        0.000047        -0.000025       -0.000034       0.000044        0.000082        0.000030        -0.000054       -0.000071 -0.000053  -0.000003       0.000047        0.000050